098cd4ab8c82c0b4d537bffc467d1065cf832ffed68fc7d4ec418d475d641e67 19 19 444 202
615c88b6bd374cdc534043fda66c4db54500f1dbca3859c7877781e4b117b69a 7 7 601 278
64c736aa69be862923dfa4d2fa7db6a79a5704e7be557a6e0598c132c1c31736 6 6 544 10
a9db12cab05df1858173b35aea9667830d2ae9de4a36dd9a1a4021f9f5d25512 278 70 1896 897
096b849e67fed75aed8c8555a873363e53197bf0feec1591470fd9d8132a8b8a 7 7 852 2
1114fab12abe15356ebf5bc6b75879d6388b6275b6a4e89769c53c6a696a3f58 27 27 2456 211
04fe5cd97506555fdd52668ff6c59f70634babed70a866d538b5b93eef11ebd6 9 9 2300 161
dee51d9f3459f7749a0d71d7b4c9d22172d9a04facaf608b8a3f311bb6e8e94d 14 14 5454 265
8063a94b07bf02d701ec6f7758fc42ec1c1aba4dd61a013db3ae78d1e1f5a0e2 8 8 2965 469
bba0f3591461eee61120dd75a5cc9f48552ad49439a944323ae177c06eae05c6 13 13 6263 2811
ed88d0eea14dfe49213d61a03fa4893bf62903c214857f696b3c6baadab997f2 4 4 267 92
